# From ROV camera under water

image_width: 1920
image_height: 1080
camera_name: narrow_stereo
camera_matrix:
  rows: 3
  cols: 3
  data: [051.370494, 0.000000, 999.501315, 0.000000, 1053.358385, 546.870599, 0.000000, 0.000000, 1.000000]
distortion_model: plumb_bob
distortion_coefficients:
  rows: 1
  cols: 5
  data: [0.033020, -0.007794, -0.004915, -0.005735, 0.000000]
rectification_matrix:
  rows: 3
  cols: 3
  data: [1.000000, 0.000000, 0.000000, 0.000000, 1.000000, 0.000000, 0.000000, 0.000000, 1.000000]
projection_matrix:
  rows: 3
  cols: 4
  data: [1084.387939, 0.000000, 983.362510, 0.000000, 0.000000, 1092.143921, 538.874104, 0.000000,
0.000000, 0.000000, 1.000000, 0.000000]

# Generic example from http://wiki.ros.org/camera_calibration_parsers

# image_width: 2448
# image_height: 2050
# camera_name: prosilica
# camera_matrix:
#   rows: 3
#   cols: 3
#   data: [4827.94, 0, 1223.5, 0, 4835.62, 1024.5, 0, 0, 1]
# distortion_model: plumb_bob
# distortion_coefficients:
#   rows: 1
#   cols: 5
#   data: [-0.41527, 0.31874, -0.00197, 0.00071, 0]
# rectification_matrix:
#   rows: 3
#   cols: 3
#   data: [1, 0, 0, 0, 1, 0, 0, 0, 1]
# projection_matrix:
#   rows: 3
#   cols: 4
#   data: [4827.94, 0, 1223.5, 0, 0, 4835.62, 1024.5, 0, 0, 0, 1, 0]
