# From ROV camera

image_width: 1920
image_height: 1080
camera_name: narrow_stereo
camera_matrix:
  rows: 3
  cols: 3
  data: [1001.626594, 0.000000, 1019.769056, 0.000000, 1002.042512, 553.156343, 0.000000, 0.000000, 1.000000]
distortion_model: plumb_bob
distortion_coefficients:
  rows: 1
  cols: 5
  data: [0.012236, -0.009967, -0.002991, 0.000396, 0.000000]
rectification_matrix:
  rows: 3
  cols: 3
  data: [1.000000, 0.000000, 0.000000, 0.000000, 1.000000, 0.000000, 0.000000, 0.000000, 1.000000]
projection_matrix:
  rows: 3
  cols: 4
  data: [1005.407959, 0.000000, 1021.855998, 0.000000, 0.000000, 1006.931213, 549.580866, 0.000000, 0.000000, 0.000000, 1.000000, 0.000000]

# Generic example from http://wiki.ros.org/camera_calibration_parsers

# image_width: 2448
# image_height: 2050
# camera_name: prosilica
# camera_matrix:
#   rows: 3
#   cols: 3
#   data: [4827.94, 0, 1223.5, 0, 4835.62, 1024.5, 0, 0, 1]
# distortion_model: plumb_bob
# distortion_coefficients:
#   rows: 1
#   cols: 5
#   data: [-0.41527, 0.31874, -0.00197, 0.00071, 0]
# rectification_matrix:
#   rows: 3
#   cols: 3
#   data: [1, 0, 0, 0, 1, 0, 0, 0, 1]
# projection_matrix:
#   rows: 3
#   cols: 4
#   data: [4827.94, 0, 1223.5, 0, 0, 4835.62, 1024.5, 0, 0, 0, 1, 0]
